{
 "cells": [
  {
   "cell_type": "code",
   "execution_count": 1,
   "metadata": {
    "collapsed": false
   },
   "outputs": [],
   "source": [
    "# import flow_model as fm\n",
    "import flow_model_tgrad as fm\n",
    "import lookup_table as lt\n",
    "import numpy as np\n",
    "import dill as pickle"
   ]
  },
  {
   "cell_type": "code",
   "execution_count": 2,
   "metadata": {
    "collapsed": false
   },
   "outputs": [],
   "source": [
    "test_comp_mat = np.random.random([10, 4, 5])\n",
    "test_comp_mat /= np.sum(test_comp_mat, axis=1)[:, np.newaxis, :]\n",
    "test_S_mat = np.random.random([10, 5])\n",
    "test_S_mat /= np.sum(test_S_mat, axis=1)[:, np.newaxis]\n",
    "test_rho = np.random.random(5) ** (np.random.randn(5))"
   ]
  },
  {
   "cell_type": "code",
   "execution_count": 3,
   "metadata": {
    "collapsed": false
   },
   "outputs": [],
   "source": [
    "# data_dict = pickle.load(open('80bar_12C_data_dict_test.pkl', 'rb'))\n",
    "data_dict = pickle.load(open('110bar_13C_data_dict.pkl', 'rb'))\n",
    "table = lt.quick_lookup(data_dict)\n",
    "m = fm.model(table.flash, Nx=100, id='temp_May')"
   ]
  },
  {
   "cell_type": "code",
   "execution_count": 4,
   "metadata": {
    "collapsed": false
   },
   "outputs": [],
   "source": [
    "m.set_model(zL=[0, 0.9, 0.1, 0],\n",
    "            zR=[1.0, 0, 0, 0],\n",
    "            rho=[1, 0.1, 0.1, 0.9, 0.9],\n",
    "            S_c=[0.1, 0.02, 0.02, 0.0, 0.0],\n",
    "            Cor_exp=[2, 4, 4, 0, 0],\n",
    "            mu=[1, 1e-2, 1e-2, 1, 1],\n",
    "            T_grad=True,\n",
    "            T_L=19.0,\n",
    "            T_R=13.0)"
   ]
  },
  {
   "cell_type": "code",
   "execution_count": 5,
   "metadata": {
    "collapsed": false
   },
   "outputs": [
    {
     "name": "stdout",
     "output_type": "stream",
     "text": [
      "[[ 0.          0.          1.          0.          0.        ]\n",
      " [ 0.99555064  0.          0.00444936  0.          0.        ]\n",
      " [ 1.          0.          0.          0.          0.        ]]\n",
      "[[  0.00000000e+00   9.00000000e-01   1.00000000e-01   0.00000000e+00]\n",
      " [  9.97519676e-01   2.23229161e-03   2.48032401e-04   0.00000000e+00]\n",
      " [  1.00000000e+00   0.00000000e+00   0.00000000e+00   0.00000000e+00]]\n",
      "[ 1.          0.71816115  0.74068289]\n",
      "[[ 0.          0.          1.          0.          0.        ]\n",
      " [ 0.76704775  0.          0.23295225  0.          0.        ]\n",
      " [ 0.99818466  0.          0.00181534  0.          0.        ]\n",
      " [ 1.          0.          0.          0.          0.        ]]\n",
      "[[  0.00000000e+00   9.00000000e-01   1.00000000e-01   0.00000000e+00]\n",
      " [  9.68542727e-01   2.83044585e-02   3.15281468e-03   0.00000000e+00]\n",
      " [  9.97784448e-01   1.99883337e-03   2.16718861e-04   0.00000000e+00]\n",
      " [  9.99918355e-01   7.41793517e-05   7.46546745e-06   0.00000000e+00]]\n",
      "[ 1.          3.18454705  2.22490711  2.22439746]\n",
      "[[ 0.          0.          1.          0.          0.        ]\n",
      " [ 0.67333478  0.          0.32666522  0.          0.        ]\n",
      " [ 0.84667729  0.          0.15332271  0.          0.        ]\n",
      " [ 1.          0.          0.          0.          0.        ]\n",
      " [ 1.          0.          0.          0.          0.        ]]\n",
      "[[  0.00000000e+00   9.00000000e-01   1.00000000e-01   0.00000000e+00]\n",
      " [  9.51787361e-01   4.34049844e-02   4.80765480e-03   0.00000000e+00]\n",
      " [  9.80204494e-01   1.77933706e-02   2.00213569e-03   0.00000000e+00]\n",
      " [  9.99314039e-01   6.26140857e-04   5.98201355e-05   0.00000000e+00]\n",
      " [  9.99934193e-01   6.01526721e-05   5.65383474e-06   0.00000000e+00]]\n",
      "[ 1.          2.00222531  3.38929948  2.69415126  2.69440777]\n",
      "[[ 0.          0.          1.          0.          0.        ]\n",
      " [ 0.63212036  0.          0.36787964  0.          0.        ]\n",
      " [ 0.72252461  0.          0.27747539  0.          0.        ]\n",
      " [ 0.93095087  0.          0.06904913  0.          0.        ]\n",
      " [ 1.          0.          0.          0.          0.        ]\n",
      " [ 1.          0.          0.          0.          0.        ]]\n",
      "[[  0.00000000e+00   9.00000000e-01   1.00000000e-01   0.00000000e+00]\n",
      " [  9.43092830e-01   5.12473957e-02   5.65977444e-03   0.00000000e+00]\n",
      " [  9.61052124e-01   3.50299245e-02   3.91795163e-03   0.00000000e+00]\n",
      " [  9.90606083e-01   8.44369351e-03   9.50223593e-04   0.00000000e+00]\n",
      " [  9.99582352e-01   3.81997173e-04   3.56503478e-05   0.00000000e+00]\n",
      " [  9.99960184e-01   3.62999486e-05   3.51585441e-06   0.00000000e+00]]\n",
      "[ 1.          1.65629471  2.57077633  3.03165201  2.79266189  2.79295618]\n",
      "[[ 0.          0.          1.          0.          0.        ]\n",
      " [ 0.60589936  0.          0.39410064  0.          0.        ]\n",
      " [ 0.67490129  0.          0.32509871  0.          0.        ]\n",
      " [ 0.77858686  0.          0.22141314  0.          0.        ]\n",
      " [ 0.99271483  0.          0.00728517  0.          0.        ]\n",
      " [ 1.          0.          0.          0.          0.        ]\n",
      " [ 1.          0.          0.          0.          0.        ]]\n",
      "[[  0.00000000e+00   9.00000000e-01   1.00000000e-01   0.00000000e+00]\n",
      " [  9.37020339e-01   5.67269633e-02   6.25269733e-03   0.00000000e+00]\n",
      " [  9.52100096e-01   4.31081391e-02   4.79176448e-03   0.00000000e+00]\n",
      " [  9.70362691e-01   2.66268561e-02   3.01045248e-03   0.00000000e+00]\n",
      " [  9.97229501e-01   2.50008959e-03   2.70409043e-04   0.00000000e+00]\n",
      " [  9.99770861e-01   2.08535345e-04   2.06039432e-05   0.00000000e+00]\n",
      " [  9.99987355e-01   1.15393171e-05   1.10609765e-06   0.00000000e+00]]\n",
      "[ 1.          1.50319648  1.98972233  3.23189421  2.77534663  2.77428885\n",
      "  2.77436126]\n",
      "[[ 0.          0.          1.          0.          0.        ]\n",
      " [ 0.58658036  0.          0.41341964  0.          0.        ]\n",
      " [ 0.64811647  0.          0.35188353  0.          0.        ]\n",
      " [ 0.70595125  0.          0.29404875  0.          0.        ]\n",
      " [ 0.8653256   0.          0.1346744   0.          0.        ]\n",
      " [ 1.          0.          0.          0.          0.        ]\n",
      " [ 1.          0.          0.          0.          0.        ]]\n",
      "[[  0.00000000e+00   9.00000000e-01   1.00000000e-01   0.00000000e+00]\n",
      " [  9.32263923e-01   6.10110764e-02   6.72500082e-03   0.00000000e+00]\n",
      " [  9.46572644e-01   4.81041703e-02   5.32318571e-03   0.00000000e+00]\n",
      " [  9.58055430e-01   3.77172704e-02   4.22729993e-03   0.00000000e+00]\n",
      " [  9.82661541e-01   1.55680231e-02   1.77043567e-03   0.00000000e+00]\n",
      " [  9.99278399e-01   6.59880922e-04   6.17199191e-05   0.00000000e+00]\n",
      " [  9.99894612e-01   9.63049042e-05   9.08289839e-06   0.00000000e+00]]\n",
      "[ 1.          1.41621603  1.75879567  2.33064609  3.32674462  2.73513079\n",
      "  2.73537122]\n",
      "[[ 0.          0.          1.          0.          0.        ]\n",
      " [ 0.57127098  0.          0.42872902  0.          0.        ]\n",
      " [ 0.62935459  0.          0.37064541  0.          0.        ]\n",
      " [ 0.6737671   0.          0.3262329   0.          0.        ]\n",
      " [ 0.7436876   0.          0.2563124   0.          0.        ]\n",
      " [ 0.95322496  0.          0.04677504  0.          0.        ]\n",
      " [ 1.          0.          0.          0.          0.        ]\n",
      " [ 1.          0.          0.          0.          0.        ]]\n",
      "[[  0.00000000e+00   9.00000000e-01   1.00000000e-01   0.00000000e+00]\n",
      " [  9.28293105e-01   6.45866531e-02   7.12024180e-03   0.00000000e+00]\n",
      " [  9.42475766e-01   5.18069081e-02   5.71732557e-03   0.00000000e+00]\n",
      " [  9.51873619e-01   4.33037982e-02   4.82258302e-03   0.00000000e+00]\n",
      " [  9.64698964e-01   3.17109032e-02   3.59013287e-03   0.00000000e+00]\n",
      " [  9.93062991e-01   6.23500301e-03   7.02006484e-04   0.00000000e+00]\n",
      " [  9.99569146e-01   3.93397017e-04   3.74566626e-05   0.00000000e+00]\n",
      " [  9.99950864e-01   4.48046424e-05   4.33181723e-06   0.00000000e+00]]\n",
      "[ 1.          1.35657571  1.62484678  1.97126963  2.82399711  2.93082757\n",
      "  2.78429219  2.78456452]\n",
      "[[ 0.          0.          1.          0.          0.        ]\n",
      " [ 0.55854946  0.          0.44145054  0.          0.        ]\n",
      " [ 0.61483551  0.          0.38516449  0.          0.        ]\n",
      " [ 0.65365191  0.          0.34634809  0.          0.        ]\n",
      " [ 0.69642291  0.          0.30357709  0.          0.        ]\n",
      " [ 0.80933107  0.          0.19066893  0.          0.        ]\n",
      " [ 1.          0.          0.          0.          0.        ]\n",
      " [ 1.          0.          0.          0.          0.        ]\n",
      " [ 1.          0.          0.          0.          0.        ]]\n",
      "[[  0.00000000e+00   9.00000000e-01   1.00000000e-01   0.00000000e+00]\n",
      " [  9.24874668e-01   6.76623693e-02   7.46296264e-03   0.00000000e+00]\n",
      " [  9.39134872e-01   5.48255508e-02   6.03957726e-03   0.00000000e+00]\n",
      " [  9.47746439e-01   4.70390543e-02   5.21450630e-03   0.00000000e+00]\n",
      " [  9.56287975e-01   3.92997037e-02   4.41232146e-03   0.00000000e+00]\n",
      " [  9.74969197e-01   2.24655847e-02   2.56521855e-03   0.00000000e+00]\n",
      " [  9.98372575e-01   1.47470708e-03   1.52718042e-04   0.00000000e+00]\n",
      " [  9.99806776e-01   1.76340048e-04   1.68842187e-05   0.00000000e+00]\n",
      " [  9.99985128e-01   1.35866283e-05   1.28539774e-06   0.00000000e+00]]\n",
      "[ 1.          1.3189298   1.54361575  1.79681347  2.21999543  3.41708697\n",
      "  2.46093804  2.46093565  2.46093544]\n",
      "[[ 0.          0.          1.          0.          0.        ]\n",
      " [ 0.54767761  0.          0.45232239  0.          0.        ]\n",
      " [ 0.60289522  0.          0.39710478  0.          0.        ]\n",
      " [ 0.63887059  0.          0.36112941  0.          0.        ]\n",
      " [ 0.67226938  0.          0.32773062  0.          0.        ]\n",
      " [ 0.72391964  0.          0.27608036  0.          0.        ]\n",
      " [ 0.90442393  0.          0.09557607  0.          0.        ]\n",
      " [ 1.          0.          0.          0.          0.        ]\n",
      " [ 1.          0.          0.          0.          0.        ]]\n",
      "[[  0.00000000e+00   9.00000000e-01   1.00000000e-01   0.00000000e+00]\n",
      " [  9.21839496e-01   7.03933963e-02   7.76710727e-03   0.00000000e+00]\n",
      " [  9.36297568e-01   5.73823127e-02   6.32011896e-03   0.00000000e+00]\n",
      " [  9.44572157e-01   4.99125780e-02   5.51526487e-03   0.00000000e+00]\n",
      " [  9.51573644e-01   4.35689826e-02   4.85737298e-03   0.00000000e+00]\n",
      " [  9.61292711e-01   3.47683942e-02   3.93889477e-03   0.00000000e+00]\n",
      " [  9.87500435e-01   1.12174848e-02   1.28208015e-03   0.00000000e+00]\n",
      " [  9.99396242e-01   5.52508624e-04   5.12492682e-05   0.00000000e+00]\n",
      " [  9.99904200e-01   8.74475230e-05   8.35281242e-06   0.00000000e+00]]\n",
      "[ 1.          1.29099828  1.48629274  1.69023916  1.96006949  2.57181604\n",
      "  3.17659189  2.79930983  2.79951964]\n",
      "[[ 0.          0.          1.          0.          0.        ]\n",
      " [ 0.53817587  0.          0.46182413  0.          0.        ]\n",
      " [ 0.59274265  0.          0.40725735  0.          0.        ]\n",
      " [ 0.6270632   0.          0.3729368   0.          0.        ]\n",
      " [ 0.6561213   0.          0.3438787   0.          0.        ]\n",
      " [ 0.68990596  0.          0.31009404  0.          0.        ]\n",
      " [ 0.76930595  0.          0.23069405  0.          0.        ]\n",
      " [ 0.98166824  0.          0.01833176  0.          0.        ]\n",
      " [ 1.          0.          0.          0.          0.        ]\n",
      " [ 1.          0.          0.          0.          0.        ]]\n",
      "[[  0.00000000e+00   9.00000000e-01   1.00000000e-01   0.00000000e+00]\n",
      " [  9.19103593e-01   7.28552273e-02   8.04118015e-03   0.00000000e+00]\n",
      " [  9.33799316e-01   5.96318756e-02   6.56880881e-03   0.00000000e+00]\n",
      " [  9.41955424e-01   5.22842529e-02   5.76032333e-03   0.00000000e+00]\n",
      " [  9.48264794e-01   4.65647477e-02   5.17045807e-03   0.00000000e+00]\n",
      " [  9.55112315e-01   4.03769412e-02   4.51074358e-03   0.00000000e+00]\n",
      " [  9.68886071e-01   2.79005257e-02   3.21340310e-03   0.00000000e+00]\n",
      " [  9.96079917e-01   3.52747051e-03   3.92612567e-04   0.00000000e+00]\n",
      " [  9.99652028e-01   3.16894178e-04   3.10783163e-05   0.00000000e+00]\n",
      " [  9.99963356e-01   3.34198105e-05   3.22414737e-06   0.00000000e+00]]\n",
      "[ 1.          1.26692911  1.43761368  1.60994953  1.81279337  2.13956091\n",
      "  3.14478733  2.83562766  2.80141142  2.8024957 ]\n",
      "[[ 0.          0.          1.          0.          0.        ]\n",
      " [ 0.52973336  0.          0.47026664  0.          0.        ]\n",
      " [ 0.58386961  0.          0.41613039  0.          0.        ]\n",
      " [ 0.61718426  0.          0.38281574  0.          0.        ]\n",
      " [ 0.64387222  0.          0.35612778  0.          0.        ]\n",
      " [ 0.67078709  0.          0.32921291  0.          0.        ]\n",
      " [ 0.7112513   0.          0.2887487   0.          0.        ]\n",
      " [ 0.85320479  0.          0.14679521  0.          0.        ]\n",
      " [ 1.          0.          0.          0.          0.        ]\n",
      " [ 1.          0.          0.          0.          0.        ]\n",
      " [ 1.          0.          0.          0.          0.        ]]\n",
      "[[  0.00000000e+00   9.00000000e-01   1.00000000e-01   0.00000000e+00]\n",
      " [  9.16604612e-01   7.51039604e-02   8.29142787e-03   0.00000000e+00]\n",
      " [  9.31565227e-01   6.16421887e-02   6.79258413e-03   0.00000000e+00]\n",
      " [  9.39681925e-01   5.43352665e-02   5.98280813e-03   0.00000000e+00]\n",
      " [  9.45660164e-01   4.89280407e-02   5.41179517e-03   0.00000000e+00]\n",
      " [  9.51325846e-01   4.38455030e-02   4.82865079e-03   0.00000000e+00]\n",
      " [  9.59010579e-01   3.67786334e-02   4.21078740e-03   0.00000000e+00]\n",
      " [  9.81059428e-01   1.69713423e-02   1.96922988e-03   0.00000000e+00]\n",
      " [  9.99104800e-01   8.16547820e-04   7.86524345e-05   0.00000000e+00]\n",
      " [  9.99850574e-01   1.36461539e-04   1.29643821e-05   0.00000000e+00]\n",
      " [  9.99991463e-01   7.79393850e-06   7.42838893e-07   0.00000000e+00]]\n",
      "[ 1.          1.24752755  1.40190737  1.55366473  1.71959658  1.93700567\n",
      "  2.38517403  3.37702591  2.70392031  2.70415249  2.70416016]\n",
      "[[ 0.          0.          1.          0.          0.        ]\n",
      " [ 0.52214418  0.          0.47785582  0.          0.        ]\n",
      " [ 0.57597426  0.          0.42402574  0.          0.        ]\n",
      " [ 0.6086264   0.          0.3913736   0.          0.        ]\n",
      " [ 0.63387478  0.          0.36612522  0.          0.        ]\n",
      " [ 0.65735288  0.          0.34264712  0.          0.        ]\n",
      " [ 0.68525804  0.          0.31474196  0.          0.        ]\n",
      " [ 0.74383269  0.          0.25616731  0.          0.        ]\n",
      " [ 0.94640677  0.          0.05359323  0.          0.        ]\n",
      " [ 1.          0.          0.          0.          0.        ]\n",
      " [ 1.          0.          0.          0.          0.        ]]\n",
      "[[  0.00000000e+00   9.00000000e-01   1.00000000e-01   0.00000000e+00]\n",
      " [  9.14291363e-01   7.71857152e-02   8.52292200e-03   0.00000000e+00]\n",
      " [  9.29538934e-01   6.34648451e-02   6.99622084e-03   0.00000000e+00]\n",
      " [  9.37671117e-01   5.61477784e-02   6.18110427e-03   0.00000000e+00]\n",
      " [  9.43484805e-01   5.09018120e-02   5.61338347e-03   0.00000000e+00]\n",
      " [  9.48546700e-01   4.63653216e-02   5.08797822e-03   0.00000000e+00]\n",
      " [  9.54169447e-01   4.11847031e-02   4.64584952e-03   0.00000000e+00]\n",
      " [  9.64718015e-01   3.16277021e-02   3.65428282e-03   0.00000000e+00]\n",
      " [  9.92317519e-01   6.89002715e-03   7.92453501e-04   0.00000000e+00]\n",
      " [  9.99504408e-01   4.52254935e-04   4.33370031e-05   0.00000000e+00]\n",
      " [  9.99930695e-01   6.31619283e-05   6.14267935e-06   0.00000000e+00]]\n",
      "[ 1.          1.22662447  1.37340515  1.50932622  1.65168194  1.82107839\n",
      "  2.08682396  2.83003226  2.97756012  2.79939232  2.79965279]\n",
      "[[ 0.          0.          1.          0.          0.        ]\n",
      " [ 0.51522625  0.          0.48477375  0.          0.        ]\n",
      " [ 0.56886954  0.          0.43113046  0.          0.        ]\n",
      " [ 0.60106054  0.          0.39893946  0.          0.        ]\n",
      " [ 0.62540891  0.          0.37459109  0.          0.        ]\n",
      " [ 0.646889    0.          0.353111    0.          0.        ]\n",
      " [ 0.66931205  0.          0.33068795  0.          0.        ]\n",
      " [ 0.70239797  0.          0.29760203  0.          0.        ]\n",
      " [ 0.80688562  0.          0.19311438  0.          0.        ]\n",
      " [ 1.          0.          0.          0.          0.        ]\n",
      " [ 1.          0.          0.          0.          0.        ]\n",
      " [ 1.          0.          0.          0.          0.        ]]\n",
      "[[  0.00000000e+00   9.00000000e-01   1.00000000e-01   0.00000000e+00]\n",
      " [  9.12153170e-01   7.91094773e-02   8.73735257e-03   0.00000000e+00]\n",
      " [  9.27666004e-01   6.51506705e-02   7.18332555e-03   0.00000000e+00]\n",
      " [  9.35853179e-01   5.77831700e-02   6.36365120e-03   0.00000000e+00]\n",
      " [  9.41570388e-01   5.26350567e-02   5.79455558e-03   0.00000000e+00]\n",
      " [  9.46318934e-01   4.83799048e-02   5.30116094e-03   0.00000000e+00]\n",
      " [  9.51078877e-01   4.40485413e-02   4.87258189e-03   0.00000000e+00]\n",
      " [  9.57369814e-01   3.82328278e-02   4.39735810e-03   0.00000000e+00]\n",
      " [  9.74614553e-01   2.27324658e-02   2.65298147e-03   0.00000000e+00]\n",
      " [  9.98205948e-01   1.62202873e-03   1.72023498e-04   0.00000000e+00]\n",
      " [  9.99773615e-01   2.06307352e-04   2.00773870e-05   0.00000000e+00]\n",
      " [  9.99977466e-01   2.05614266e-05   1.97285289e-06   0.00000000e+00]]\n",
      "[ 1.          1.21782064  1.35159439  1.47939694  1.60584997  1.74682002\n",
      "  1.93219463  2.27837449  3.40365389  2.42954429  2.42948288  2.42948457]\n",
      "[[ 0.          0.          1.          0.          0.        ]\n",
      " [ 0.50889987  0.          0.49110013  0.          0.        ]\n",
      " [ 0.56240244  0.          0.43759756  0.          0.        ]\n",
      " [ 0.59426836  0.          0.40573164  0.          0.        ]\n",
      " [ 0.61798805  0.          0.38201195  0.          0.        ]\n",
      " [ 0.63822125  0.          0.36177875  0.          0.        ]\n",
      " [ 0.65796274  0.          0.34203726  0.          0.        ]\n",
      " [ 0.68165579  0.          0.31834421  0.          0.        ]\n",
      " [ 0.72709195  0.          0.27290805  0.          0.        ]\n",
      " [ 0.90363522  0.          0.09636478  0.          0.        ]\n",
      " [ 1.          0.          0.          0.          0.        ]\n",
      " [ 1.          0.          0.          0.          0.        ]]\n",
      "[[  0.00000000e+00   9.00000000e-01   1.00000000e-01   0.00000000e+00]\n",
      " [  9.10136523e-01   8.09244912e-02   8.93898600e-03   0.00000000e+00]\n",
      " [  9.25926814e-01   6.67156382e-02   7.35754782e-03   0.00000000e+00]\n",
      " [  9.34187913e-01   5.92820411e-02   6.53004558e-03   0.00000000e+00]\n",
      " [  9.39868344e-01   5.41691047e-02   5.96255140e-03   0.00000000e+00]\n",
      " [  9.44432992e-01   5.00815667e-02   5.48544172e-03   0.00000000e+00]\n",
      " [  9.48668524e-01   4.62586692e-02   5.07280660e-03   0.00000000e+00]\n",
      " [  9.53439458e-01   4.18169759e-02   4.74356602e-03   0.00000000e+00]\n",
      " [  9.61840885e-01   3.41989593e-02   3.96015542e-03   0.00000000e+00]\n",
      " [  9.87407543e-01   1.12759850e-02   1.31647250e-03   0.00000000e+00]\n",
      " [  9.99365283e-01   5.80030273e-04   5.46868639e-05   0.00000000e+00]\n",
      " [  9.99890626e-01   9.97241902e-05   9.64938856e-06   0.00000000e+00]]\n",
      "[ 1.          1.20153663  1.32606454  1.4402532   1.55393118  1.67560828\n",
      "  1.81989362  2.04162311  2.59252244  3.16606243  2.78451372  2.78474053]\n",
      "[[ 0.          0.          1.          0.          0.        ]\n",
      " [ 0.50304947  0.          0.49695053  0.          0.        ]\n",
      " [ 0.55645802  0.          0.44354198  0.          0.        ]\n",
      " [ 0.58810218  0.          0.41189782  0.          0.        ]\n",
      " [ 0.61136728  0.          0.38863272  0.          0.        ]\n",
      " [ 0.63076802  0.          0.36923198  0.          0.        ]\n",
      " [ 0.64882442  0.          0.35117558  0.          0.        ]\n",
      " [ 0.66808146  0.          0.33191854  0.          0.        ]\n",
      " [ 0.69587947  0.          0.30412053  0.          0.        ]\n",
      " [ 0.7719887   0.          0.2280113   0.          0.        ]\n",
      " [ 0.98247351  0.          0.01752649  0.          0.        ]\n",
      " [ 1.          0.          0.          0.          0.        ]\n",
      " [ 1.          0.          0.          0.          0.        ]]\n",
      "[[  0.00000000e+00   9.00000000e-01   1.00000000e-01   0.00000000e+00]\n",
      " [  9.08244348e-01   8.26270808e-02   9.12857093e-03   0.00000000e+00]\n",
      " [  9.24298466e-01   6.81806618e-02   7.52087192e-03   0.00000000e+00]\n",
      " [  9.32637869e-01   6.06770495e-02   6.68508122e-03   0.00000000e+00]\n",
      " [  9.38320308e-01   5.55634173e-02   6.11627491e-03   0.00000000e+00]\n",
      " [  9.42779292e-01   5.15719300e-02   5.64877749e-03   0.00000000e+00]\n",
      " [  9.46727202e-01   4.80152898e-02   5.25750775e-03   0.00000000e+00]\n",
      " [  9.50826196e-01   4.42592052e-02   4.91459863e-03   0.00000000e+00]\n",
      " [  9.56147360e-01   3.93251974e-02   4.52744279e-03   0.00000000e+00]\n",
      " [  9.69312690e-01   2.74722366e-02   3.21507308e-03   0.00000000e+00]\n",
      " [  9.96163292e-01   3.44726805e-03   3.89439472e-04   0.00000000e+00]\n",
      " [  9.99637701e-01   3.29511836e-04   3.27867797e-05   0.00000000e+00]\n",
      " [  9.99958279e-01   3.80062896e-05   3.71452380e-06   0.00000000e+00]]\n",
      "[ 1.          1.19151891  1.31147866  1.41474448  1.5189285   1.62733144\n",
      "  1.74947308  1.90968463  2.18832024  3.14973957  2.81815343  2.78581526\n",
      "  2.78684923]\n",
      "[[ 0.          0.          1.          0.          0.        ]\n",
      " [ 0.49761489  0.          0.50238511  0.          0.        ]\n",
      " [ 0.55095859  0.          0.44904141  0.          0.        ]\n",
      " [ 0.58243214  0.          0.41756786  0.          0.        ]\n",
      " [ 0.60537226  0.          0.39462774  0.          0.        ]\n",
      " [ 0.62419159  0.          0.37580841  0.          0.        ]\n",
      " [ 0.64115076  0.          0.35884924  0.          0.        ]\n",
      " [ 0.65821184  0.          0.34178816  0.          0.        ]\n",
      " [ 0.67875785  0.          0.32124215  0.          0.        ]\n",
      " [ 0.71536896  0.          0.28463104  0.          0.        ]\n",
      " [ 0.85793625  0.          0.14206375  0.          0.        ]\n",
      " [ 1.          0.          0.          0.          0.        ]\n",
      " [ 1.          0.          0.          0.          0.        ]\n",
      " [ 1.          0.          0.          0.          0.        ]]\n",
      "[[  0.00000000e+00   9.00000000e-01   1.00000000e-01   0.00000000e+00]\n",
      " [  9.06453906e-01   8.42382167e-02   9.30787691e-03   0.00000000e+00]\n",
      " [  9.22765975e-01   6.95594873e-02   7.67453767e-03   0.00000000e+00]\n",
      " [  9.31197432e-01   6.19733907e-02   6.82917715e-03   0.00000000e+00]\n",
      " [  9.36893913e-01   5.68467552e-02   6.25933170e-03   0.00000000e+00]\n",
      " [  9.41293513e-01   5.29103068e-02   5.79618039e-03   0.00000000e+00]\n",
      " [  9.45070288e-01   4.95092102e-02   5.42050127e-03   0.00000000e+00]\n",
      " [  9.48722384e-01   4.62090226e-02   5.06859337e-03   0.00000000e+00]\n",
      " [  9.52848440e-01   4.23353818e-02   4.81617832e-03   0.00000000e+00]\n",
      " [  9.59756595e-01   3.60620572e-02   4.18134760e-03   0.00000000e+00]\n",
      " [  9.81669392e-01   1.64011829e-02   1.92942526e-03   0.00000000e+00]\n",
      " [  9.99121430e-01   8.00899398e-04   7.76704880e-05   0.00000000e+00]\n",
      " [  9.99844496e-01   1.41829151e-04   1.36751642e-05   0.00000000e+00]\n",
      " [  9.99988708e-01   1.02942284e-05   9.97596678e-07   0.00000000e+00]]\n",
      "[ 1.          1.18268737  1.29602313  1.39266492  1.49291267  1.59107039\n",
      "  1.69810983  1.82414834  2.00940277  2.43257031  3.36079676  2.71560769\n",
      "  2.71576483  2.71577125]\n",
      "[[ 0.          0.          1.          0.          0.        ]\n",
      " [ 0.49254058  0.          0.50745942  0.          0.        ]\n",
      " [ 0.54583887  0.          0.45416113  0.          0.        ]\n",
      " [ 0.57717553  0.          0.42282447  0.          0.        ]\n",
      " [ 0.59988308  0.          0.40011692  0.          0.        ]\n",
      " [ 0.61828461  0.          0.38171539  0.          0.        ]\n",
      " [ 0.6344933   0.          0.3655067   0.          0.        ]\n",
      " [ 0.65011166  0.          0.34988834  0.          0.        ]\n",
      " [ 0.66697131  0.          0.33302869  0.          0.        ]\n",
      " [ 0.6908137   0.          0.3091863   0.          0.        ]\n",
      " [ 0.74796745  0.          0.25203255  0.          0.        ]\n",
      " [ 0.95108008  0.          0.04891992  0.          0.        ]\n",
      " [ 1.          0.          0.          0.          0.        ]\n",
      " [ 1.          0.          0.          0.          0.        ]]\n",
      "[[  0.00000000e+00   9.00000000e-01   1.00000000e-01   0.00000000e+00]\n",
      " [  9.04753001e-01   8.57688128e-02   9.47818639e-03   0.00000000e+00]\n",
      " [  9.21316235e-01   7.08639169e-02   7.81984815e-03   0.00000000e+00]\n",
      " [  9.29851782e-01   6.31838892e-02   6.96432853e-03   0.00000000e+00]\n",
      " [  9.35566779e-01   5.80407499e-02   6.39247084e-03   0.00000000e+00]\n",
      " [  9.39936581e-01   5.41323807e-02   5.93103838e-03   0.00000000e+00]\n",
      " [  9.43607497e-01   5.08268549e-02   5.56564759e-03   0.00000000e+00]\n",
      " [  9.46999991e-01   4.77703449e-02   5.22966373e-03   0.00000000e+00]\n",
      " [  9.50594092e-01   4.44543549e-02   4.95155315e-03   0.00000000e+00]\n",
      " [  9.55183330e-01   4.01879062e-02   4.62876407e-03   0.00000000e+00]\n",
      " [  9.65412398e-01   3.09605643e-02   3.62703758e-03   0.00000000e+00]\n",
      " [  9.92830938e-01   6.42209014e-03   7.46971937e-04   0.00000000e+00]\n",
      " [  9.99506002e-01   4.50192903e-04   4.38055457e-05   0.00000000e+00]\n",
      " [  9.99928272e-01   6.52974941e-05   6.43064532e-06   0.00000000e+00]]\n",
      "[ 1.          1.17484565  1.28216115  1.37642051  1.46948956  1.56004403\n",
      "  1.65604951  1.76453978  1.9051104   2.13706994  2.87262381  2.94857726\n",
      "  2.78979784  2.79004944]\n",
      "[[ 0.          0.          1.          0.          0.        ]\n",
      " [ 0.48778166  0.          0.51221834  0.          0.        ]\n",
      " [ 0.54104988  0.          0.45895012  0.          0.        ]\n",
      " [ 0.57229174  0.          0.42770826  0.          0.        ]\n",
      " [ 0.59481718  0.          0.40518282  0.          0.        ]\n",
      " [ 0.61290453  0.          0.38709547  0.          0.        ]\n",
      " [ 0.6285816   0.          0.3714184   0.          0.        ]\n",
      " [ 0.6432305   0.          0.3567695   0.          0.        ]\n",
      " [ 0.65825221  0.          0.34174779  0.          0.        ]\n",
      " [ 0.67631307  0.          0.32368693  0.          0.        ]\n",
      " [ 0.70669586  0.          0.29330414  0.          0.        ]\n",
      " [ 0.81442106  0.          0.18557894  0.          0.        ]\n",
      " [ 1.          0.          0.          0.          0.        ]\n",
      " [ 1.          0.          0.          0.          0.        ]\n",
      " [ 1.          0.          0.          0.          0.        ]]\n",
      "[[  0.00000000e+00   9.00000000e-01   1.00000000e-01   0.00000000e+00]\n",
      " [  9.03131601e-01   8.72278743e-02   9.64052441e-03   0.00000000e+00]\n",
      " [  9.19939535e-01   7.21032251e-02   7.95723972e-03   0.00000000e+00]\n",
      " [  9.28573019e-01   6.43341309e-02   7.09284974e-03   0.00000000e+00]\n",
      " [  9.34323664e-01   5.91593947e-02   6.51694098e-03   0.00000000e+00]\n",
      " [  9.38682225e-01   5.52616418e-02   6.05613304e-03   0.00000000e+00]\n",
      " [  9.42287723e-01   5.20150171e-02   5.69725986e-03   0.00000000e+00]\n",
      " [  9.45521179e-01   4.91034771e-02   5.37534411e-03   0.00000000e+00]\n",
      " [  9.48736161e-01   4.61934704e-02   5.07036876e-03   0.00000000e+00]\n",
      " [  9.52364212e-01   4.27609865e-02   4.87480153e-03   0.00000000e+00]\n",
      " [  9.58176331e-01   3.74751109e-02   4.34855850e-03   0.00000000e+00]\n",
      " [  9.75707315e-01   2.17270069e-02   2.56567790e-03   0.00000000e+00]\n",
      " [  9.98404990e-01   1.44294693e-03   1.52062751e-04   0.00000000e+00]\n",
      " [  9.99778321e-01   2.01906622e-04   1.97727140e-05   0.00000000e+00]\n",
      " [  9.99977152e-01   2.08257076e-05   2.02251463e-06   0.00000000e+00]]\n",
      "[ 1.          1.16791125  1.26791823  1.35715174  1.4453909   1.52941261\n",
      "  1.61682231  1.71221982  1.82353907  1.98426939  2.32088267  3.42568355\n",
      "  2.49675128  2.49681112  2.49681496]\n",
      "[[ 0.          0.          1.          0.          0.        ]\n",
      " [ 0.48329267  0.          0.51670733  0.          0.        ]\n",
      " [ 0.53655497  0.          0.46344503  0.          0.        ]\n",
      " [ 0.56772028  0.          0.43227972  0.          0.        ]\n",
      " [ 0.59010619  0.          0.40989381  0.          0.        ]\n",
      " [ 0.60795489  0.          0.39204511  0.          0.        ]\n",
      " [ 0.62324197  0.          0.37675803  0.          0.        ]\n",
      " [ 0.63721636  0.          0.36278364  0.          0.        ]\n",
      " [ 0.65099749  0.          0.34900251  0.          0.        ]\n",
      " [ 0.66595235  0.          0.33404765  0.          0.        ]\n",
      " [ 0.68675371  0.          0.31324629  0.          0.        ]\n",
      " [ 0.73140863  0.          0.26859137  0.          0.        ]\n",
      " [ 0.91209217  0.          0.08790783  0.          0.        ]\n",
      " [ 1.          0.          0.          0.          0.        ]\n",
      " [ 1.          0.          0.          0.          0.        ]]\n",
      "[[  0.00000000e+00   9.00000000e-01   1.00000000e-01   0.00000000e+00]\n",
      " [  9.01588925e-01   8.86156191e-02   9.79545610e-03   0.00000000e+00]\n",
      " [  9.18618268e-01   7.32925342e-02   8.08919808e-03   0.00000000e+00]\n",
      " [  9.27359357e-01   6.54265802e-02   7.21406301e-03   0.00000000e+00]\n",
      " [  9.33151523e-01   6.02144631e-02   6.63401438e-03   0.00000000e+00]\n",
      " [  9.37512810e-01   5.63138051e-02   6.17338462e-03   0.00000000e+00]\n",
      " [  9.41077316e-01   5.31047613e-02   5.81792236e-03   0.00000000e+00]\n",
      " [  9.44208753e-01   5.02853701e-02   5.50587719e-03   0.00000000e+00]\n",
      " [  9.47189018e-01   4.75996197e-02   5.21136235e-03   0.00000000e+00]\n",
      " [  9.50390002e-01   4.46253006e-02   4.98469715e-03   0.00000000e+00]\n",
      " [  9.54401706e-01   4.08876415e-02   4.71065281e-03   0.00000000e+00]\n",
      " [  9.62595022e-01   3.34818588e-02   3.92311965e-03   0.00000000e+00]\n",
      " [  9.88411522e-01   1.03663833e-02   1.22209487e-03   0.00000000e+00]\n",
      " [  9.99379433e-01   5.66525220e-04   5.40414666e-05   0.00000000e+00]\n",
      " [  9.99892648e-01   9.77687428e-05   9.58289290e-06   0.00000000e+00]]\n",
      "[ 1.          1.16589552  1.25886786  1.34386726  1.42433062  1.50354844\n",
      "  1.5842408   1.67002767  1.76707114  1.89564191  2.09236389  2.64841775\n",
      "  3.12849942  2.78860822  2.78884619]\n",
      "[[ 0.          0.          1.          0.          0.        ]\n",
      " [ 0.4790662   0.          0.5209338   0.          0.        ]\n",
      " [ 0.5323087   0.          0.4676913   0.          0.        ]\n",
      " [ 0.56342108  0.          0.43657892  0.          0.        ]\n",
      " [ 0.58570999  0.          0.41429001  0.          0.        ]\n",
      " [ 0.603366    0.          0.396634    0.          0.        ]\n",
      " [ 0.61835873  0.          0.38164127  0.          0.        ]\n",
      " [ 0.63184683  0.          0.36815317  0.          0.        ]\n",
      " [ 0.64476724  0.          0.35523276  0.          0.        ]\n",
      " [ 0.65817959  0.          0.34182041  0.          0.        ]\n",
      " [ 0.67425265  0.          0.32574735  0.          0.        ]\n",
      " [ 0.70005686  0.          0.29994314  0.          0.        ]\n",
      " [ 0.77962353  0.          0.22037647  0.          0.        ]\n",
      " [ 0.9882144   0.          0.0117856   0.          0.        ]\n",
      " [ 1.          0.          0.          0.          0.        ]\n",
      " [ 1.          0.          0.          0.          0.        ]]\n",
      "[[  0.00000000e+00   9.00000000e-01   1.00000000e-01   0.00000000e+00]\n",
      " [  9.00095043e-01   8.99600601e-02   9.94489728e-03   0.00000000e+00]\n",
      " [  9.17363465e-01   7.44215489e-02   8.21498644e-03   0.00000000e+00]\n",
      " [  9.26202973e-01   6.64667251e-02   7.33030191e-03   0.00000000e+00]\n",
      " [  9.32033191e-01   6.12211440e-02   6.74566469e-03   0.00000000e+00]\n",
      " [  9.36413058e-01   5.73038806e-02   6.28306163e-03   0.00000000e+00]\n",
      " [  9.39954707e-01   5.41155387e-02   5.92975396e-03   0.00000000e+00]\n",
      " [  9.43019487e-01   5.13561144e-02   5.62439887e-03   0.00000000e+00]\n",
      " [  9.45853376e-01   4.88042162e-02   5.34240745e-03   0.00000000e+00]\n",
      " [  9.48727373e-01   4.61975265e-02   5.07510029e-03   0.00000000e+00]\n",
      " [  9.51954218e-01   4.31203854e-02   4.92539679e-03   0.00000000e+00]\n",
      " [  9.56943357e-01   3.85784796e-02   4.47816358e-03   0.00000000e+00]\n",
      " [  9.70508866e-01   2.63715975e-02   3.11953692e-03   0.00000000e+00]\n",
      " [  9.96735785e-01   2.93399368e-03   3.30220873e-04   0.00000000e+00]\n",
      " [  9.99658058e-01   3.10611430e-04   3.13309558e-05   0.00000000e+00]\n",
      " [  9.99960431e-01   3.60244026e-05   3.54474731e-06   0.00000000e+00]]\n",
      "[ 1.          1.15792399  1.24722886  1.33126811  1.40452447  1.47926145\n",
      "  1.55438357  1.63274828  1.71864727  1.81778563  1.95875411  2.23346912\n",
      "  3.22014035  2.79668245  2.7909445   2.79157116]\n",
      "[[ 0.          0.          1.          0.          0.        ]\n",
      " [ 0.47504799  0.          0.52495201  0.          0.        ]\n",
      " [ 0.52827695  0.          0.47172305  0.          0.        ]\n",
      " [ 0.55937041  0.          0.44062959  0.          0.        ]\n",
      " [ 0.58155487  0.          0.41844513  0.          0.        ]\n",
      " [ 0.59907768  0.          0.40092232  0.          0.        ]\n",
      " [ 0.61384301  0.          0.38615699  0.          0.        ]\n",
      " [ 0.62696931  0.          0.37303069  0.          0.        ]\n",
      " [ 0.63928008  0.          0.36071992  0.          0.        ]\n",
      " [ 0.65161955  0.          0.34838045  0.          0.        ]\n",
      " [ 0.66506108  0.          0.33493892  0.          0.        ]\n",
      " [ 0.68343186  0.          0.31656814  0.          0.        ]\n",
      " [ 0.71958322  0.          0.28041678  0.          0.        ]\n",
      " [ 0.86944773  0.          0.13055227  0.          0.        ]\n",
      " [ 1.          0.          0.          0.          0.        ]\n",
      " [ 1.          0.          0.          0.          0.        ]\n",
      " [ 1.          0.          0.          0.          0.        ]]\n",
      "[[  0.00000000e+00   9.00000000e-01   1.00000000e-01   0.00000000e+00]\n",
      " [  8.98674471e-01   9.12381127e-02   1.00874161e-02   0.00000000e+00]\n",
      " [  9.16166839e-01   7.54980548e-02   8.33510579e-03   0.00000000e+00]\n",
      " [  9.25089482e-01   6.74694092e-02   7.44110911e-03   0.00000000e+00]\n",
      " [  9.30983134e-01   6.21653668e-02   6.85149911e-03   0.00000000e+00]\n",
      " [  9.35371592e-01   5.82419695e-02   6.38643894e-03   0.00000000e+00]\n",
      " [  9.38903567e-01   5.50617315e-02   6.03470201e-03   0.00000000e+00]\n",
      " [  9.41924191e-01   5.23422548e-02   5.73355380e-03   0.00000000e+00]\n",
      " [  9.44661416e-01   4.98777608e-02   5.46082343e-03   0.00000000e+00]\n",
      " [  9.47322105e-01   4.74790927e-02   5.19880257e-03   0.00000000e+00]\n",
      " [  9.50193561e-01   4.47890653e-02   5.01737415e-03   0.00000000e+00]\n",
      " [  9.53755674e-01   4.14669044e-02   4.77742209e-03   0.00000000e+00]\n",
      " [  9.60502863e-01   3.53545311e-02   4.14260543e-03   0.00000000e+00]\n",
      " [  9.83157468e-01   1.50556433e-02   1.78688860e-03   0.00000000e+00]\n",
      " [  9.99189410e-01   7.39115959e-04   7.14737045e-05   0.00000000e+00]\n",
      " [  9.99850359e-01   1.36356573e-04   1.32843743e-05   0.00000000e+00]\n",
      " [  9.99991250e-01   7.96929411e-06   7.80486091e-07   0.00000000e+00]]\n",
      "[ 1.          1.15499308  1.24582828  1.32099019  1.39738029  1.46807831\n",
      "  1.53917875  1.612222    1.69030565  1.77847895  1.89475064  2.06457126\n",
      "  2.48990148  3.32511593  2.7484117   2.74856935  2.74857689]\n",
      "[[ 0.          0.          1.          0.          0.        ]\n",
      " [ 0.47124354  0.          0.52875646  0.          0.        ]\n",
      " [ 0.52445995  0.          0.47554005  0.          0.        ]\n",
      " [ 0.55551531  0.          0.44448469  0.          0.        ]\n",
      " [ 0.57764364  0.          0.42235636  0.          0.        ]\n",
      " [ 0.59505309  0.          0.40494691  0.          0.        ]\n",
      " [ 0.60963958  0.          0.39036042  0.          0.        ]\n",
      " [ 0.62249016  0.          0.37750984  0.          0.        ]\n",
      " [ 0.63435537  0.          0.36564463  0.          0.        ]\n",
      " [ 0.64592685  0.          0.35407315  0.          0.        ]\n",
      " [ 0.65802642  0.          0.34197358  0.          0.        ]\n",
      " [ 0.67247651  0.          0.32752349  0.          0.        ]\n",
