{
 "cells": [
  {
   "cell_type": "code",
   "execution_count": 1,
   "metadata": {
    "collapsed": false
   },
   "outputs": [],
   "source": [
    "import flow_model as fm\n",
    "import lookup_table as lt\n",
    "import numpy as np\n",
    "import dill as pickle"
   ]
  },
  {
   "cell_type": "code",
   "execution_count": 2,
   "metadata": {
    "collapsed": false
   },
   "outputs": [],
   "source": [
    "test_comp_mat = np.random.random([10, 4, 5])\n",
    "test_comp_mat /= np.sum(test_comp_mat, axis=1)[:, np.newaxis, :]\n",
    "test_S_mat = np.random.random([10, 5])\n",
    "test_S_mat /= np.sum(test_S_mat, axis=1)[:, np.newaxis]\n",
    "test_rho = np.random.random(5) ** (np.random.randn(5))"
   ]
  },
  {
   "cell_type": "code",
   "execution_count": 3,
   "metadata": {
    "collapsed": false
   },
   "outputs": [],
   "source": [
    "data_dict = pickle.load(open('80bar_12C_data_dict_test.pkl', 'rb'))\n",
    "table = lt.quick_lookup(data_dict)\n",
    "m = fm.model(table.flash)"
   ]
  },
  {
   "cell_type": "code",
   "execution_count": null,
   "metadata": {
    "collapsed": false
   },
   "outputs": [],
   "source": [
    "m.set_model(zL=[0, 0.95, 0.05, 0],\n",
    "            zR=[0.98, 0.02, 0, 0],\n",
    "            rho=[1, 0.1, 0.1, 0.9, 0.9],\n",
    "            S_c=[0.1, 0.02, 0.02, 0.0, 0.0],\n",
    "            Cor_exp=[2, 4, 4, 0, 0],\n",
    "            mu=[1, 1e-2, 1e-2, 1, 1])"
   ]
  },
  {
   "cell_type": "code",
   "execution_count": null,
   "metadata": {
    "collapsed": false
   },
   "outputs": [
    {
     "name": "stdout",
     "output_type": "stream",
     "text": [
      "[[ 0.          0.          1.          0.          0.        ]\n",
      " [ 0.83559534  0.          0.16440466  0.          0.        ]\n",
      " [ 0.84428008  0.          0.15571992  0.          0.        ]]\n",
      "[[  0.00000000e+00   9.50000000e-01   5.00000000e-02   0.00000000e+00]\n",
      " [  9.78764195e-01   2.11778247e-02   5.79798574e-05   0.00000000e+00]\n",
      " [  9.80000251e-01   1.99997493e-02   0.00000000e+00   0.00000000e+00]]\n",
      "[ 1.          3.19327535  3.18515031]\n",
      "[[ 0.          0.          1.          0.          0.        ]\n",
      " [ 0.76000356  0.          0.23999644  0.          0.        ]\n",
      " [ 0.82947195  0.          0.17052805  0.          0.        ]\n",
      " [ 0.8432862   0.          0.1567138   0.          0.        ]]\n",
      "[[  0.00000000e+00   9.50000000e-01   5.00000000e-02   0.00000000e+00]\n",
      " [  9.67530435e-01   3.18193437e-02   6.50221262e-04   0.00000000e+00]\n",
      " [  9.77932294e-01   2.20280319e-02   3.96737037e-05   0.00000000e+00]\n",
      " [  9.79865898e-01   2.01340211e-02   8.10165922e-08   0.00000000e+00]]\n",
      "[ 1.          2.93895085  3.32902615  3.33503309]\n",
      "[[ 0.          0.          1.          0.          0.        ]\n",
      " [ 0.71403572  0.          0.28596428  0.          0.        ]\n",
      " [ 0.79310222  0.          0.20689778  0.          0.        ]\n",
      " [ 0.83483128  0.          0.16516872  0.          0.        ]\n",
      " [ 0.84342621  0.          0.15657379  0.          0.        ]]\n",
      "[[  0.00000000e+00   9.50000000e-01   5.00000000e-02   0.00000000e+00]\n",
      " [  9.59674452e-01   3.93047633e-02   1.02078493e-03   0.00000000e+00]\n",
      " [  9.72693828e-01   2.69721155e-02   3.34056160e-04   0.00000000e+00]\n",
      " [  9.78712414e-01   2.12785437e-02   9.04187118e-06   0.00000000e+00]\n",
      " [  9.79884848e-01   2.01150889e-02   6.34130295e-08   0.00000000e+00]]\n",
      "[ 1.          1.09798014  3.65843159  3.73885492  3.73155996]\n",
      "[[  0.00000000e+00   0.00000000e+00   1.00000000e+00   0.00000000e+00\n",
      "    0.00000000e+00]\n",
      " [  6.82097176e-01   0.00000000e+00   3.17416056e-01   0.00000000e+00\n",
      "    4.86767847e-04]\n",
      " [  7.58913262e-01   0.00000000e+00   2.41086738e-01   0.00000000e+00\n",
      "    0.00000000e+00]\n",
      " [  8.14781073e-01   0.00000000e+00   1.85218927e-01   0.00000000e+00\n",
      "    0.00000000e+00]\n",
      " [  8.39230843e-01   0.00000000e+00   1.60769157e-01   0.00000000e+00\n",
      "    0.00000000e+00]\n",
      " [  8.43781539e-01   0.00000000e+00   1.56218461e-01   0.00000000e+00\n",
      "    0.00000000e+00]]\n",
      "[[  0.00000000e+00   9.50000000e-01   5.00000000e-02   0.00000000e+00]\n",
      " [  9.53650722e-01   4.51352863e-02   1.21399165e-03   0.00000000e+00]\n",
      " [  9.67395899e-01   3.18428814e-02   7.61219508e-04   0.00000000e+00]\n",
      " [  9.75821723e-01   2.40963089e-02   8.19686318e-05   0.00000000e+00]\n",
      " [  9.79314985e-01   2.06848031e-02   2.12237359e-07   0.00000000e+00]\n",
      " [  9.79932932e-01   2.00670676e-02   1.07659090e-15   0.00000000e+00]]\n",
      "[ 1.          1.9374382   2.70357095  3.20299639  3.2352805   3.23673694]\n",
      "[[  0.00000000e+00   0.00000000e+00   1.00000000e+00   0.00000000e+00\n",
      "    0.00000000e+00]\n",
      " [  6.56744652e-01   0.00000000e+00   3.42272750e-01   0.00000000e+00\n",
      "    9.82597832e-04]\n",
      " [  7.35537373e-01   0.00000000e+00   2.64462627e-01   0.00000000e+00\n",
      "    0.00000000e+00]\n",
      " [  7.86109196e-01   0.00000000e+00   2.13890804e-01   0.00000000e+00\n",
      "    0.00000000e+00]\n",
      " [  8.27749421e-01   0.00000000e+00   1.72250579e-01   0.00000000e+00\n",
      "    0.00000000e+00]\n",
      " [  8.41707801e-01   0.00000000e+00   1.58292199e-01   0.00000000e+00\n",
      "    0.00000000e+00]\n",
      " [  8.44052664e-01   0.00000000e+00   1.55947336e-01   0.00000000e+00\n",
      "    0.00000000e+00]]\n",
      "[[  0.00000000e+00   9.50000000e-01   5.00000000e-02   0.00000000e+00]\n",
      " [  9.48537672e-01   5.01019216e-02   1.36040649e-03   0.00000000e+00]\n",
      " [  9.63445198e-01   3.56167431e-02   9.38058779e-04   0.00000000e+00]\n",
      " [  9.71633237e-01   2.79327482e-02   4.34014726e-04   0.00000000e+00]\n",
      " [  9.77707824e-01   2.22693546e-02   2.28213846e-05   0.00000000e+00]\n",
      " [  9.79652030e-01   2.03478351e-02   1.34863698e-07   0.00000000e+00]\n",
      " [  9.79969551e-01   2.00304491e-02   2.69477453e-16   0.00000000e+00]]\n",
      "[ 1.          1.64949847  2.3246579   2.92379579  3.03239127  3.05386449\n",
      "  3.05237404]\n",
      "[[  0.00000000e+00   0.00000000e+00   1.00000000e+00   0.00000000e+00\n",
      "    0.00000000e+00]\n",
      " [  6.35473348e-01   0.00000000e+00   3.63843627e-01   0.00000000e+00\n",
      "    6.83025206e-04]\n",
      " [  7.16615297e-01   0.00000000e+00   2.83384703e-01   0.00000000e+00\n",
      "    0.00000000e+00]\n",
      " [  7.62793171e-01   0.00000000e+00   2.37206829e-01   0.00000000e+00\n",
      "    0.00000000e+00]\n",
      " [  8.06277503e-01   0.00000000e+00   1.93722497e-01   0.00000000e+00\n",
      "    0.00000000e+00]\n",
      " [  8.35673290e-01   0.00000000e+00   1.64326710e-01   0.00000000e+00\n",
      "    0.00000000e+00]\n",
      " [  8.43024623e-01   0.00000000e+00   1.56975377e-01   0.00000000e+00\n",
      "    0.00000000e+00]\n",
      " [  8.44204576e-01   0.00000000e+00   1.55795424e-01   0.00000000e+00\n",
      "    0.00000000e+00]]\n",
      "[[  0.00000000e+00   9.50000000e-01   5.00000000e-02   0.00000000e+00]\n",
      " [  9.43964025e-01   5.45635774e-02   1.47239765e-03   0.00000000e+00]\n",
      " [  9.60119373e-01   3.88490544e-02   1.03157284e-03   0.00000000e+00]\n",
      " [  9.68028143e-01   3.12021536e-02   7.69703148e-04   0.00000000e+00]\n",
      " [  9.74691088e-01   2.51206334e-02   1.88278640e-04   0.00000000e+00]\n",
      " [  9.78827536e-01   2.11718548e-02   6.09652505e-07   0.00000000e+00]\n",
      " [  9.79830593e-01   2.01694074e-02   6.76878187e-15   0.00000000e+00]\n",
      " [  9.79990059e-01   2.00099411e-02   0.00000000e+00   0.00000000e+00]]\n",
      "[ 1.          1.55268496  2.22965057  0.9737811   3.819699    3.81182571\n",
      "  3.81322342  3.79505618]\n",
      "[[ 0.          0.          1.          0.          0.        ]\n",
      " [ 0.61674741  0.          0.38325259  0.          0.        ]\n",
      " [ 0.70038049  0.          0.29794147  0.          0.00167804]\n",
      " [ 0.74691066  0.          0.25308934  0.          0.        ]\n",
      " [ 0.78269352  0.          0.21730648  0.          0.        ]\n",
      " [ 0.82308283  0.          0.17691717  0.          0.        ]\n",
      " [ 0.84005324  0.          0.15994676  0.          0.        ]\n",
      " [ 0.84373095  0.          0.15626905  0.          0.        ]]\n",
      "[[  0.00000000e+00   9.50000000e-01   5.00000000e-02   0.00000000e+00]\n",
      " [  9.39699009e-01   5.87365863e-02   1.56440441e-03   0.00000000e+00]\n",
      " [  9.57162515e-01   4.16863033e-02   1.15118159e-03   0.00000000e+00]\n",
      " [  9.65424059e-01   3.37536528e-02   8.22288251e-04   0.00000000e+00]\n",
      " [  9.71101804e-01   2.83041834e-02   5.94012683e-04   0.00000000e+00]\n",
      " [  9.77035688e-01   2.29237041e-02   4.06074811e-05   0.00000000e+00]\n",
      " [  9.79427166e-01   2.05727302e-02   1.03448802e-07   0.00000000e+00]\n",
      " [  9.79926097e-01   2.00739030e-02   3.02382051e-16   0.00000000e+00]]\n",
      "[ 1.          1.04508637  1.96761635  2.52443139  2.77750835  2.99941729\n",
      "  3.02354209  3.02336365]\n",
      "[[  0.00000000e+00   0.00000000e+00   1.00000000e+00   0.00000000e+00\n",
      "    0.00000000e+00]\n",
      " [  5.99689645e-01   0.00000000e+00   3.99394152e-01   0.00000000e+00\n",
      "    9.16202800e-04]\n",
      " [  6.87081430e-01   0.00000000e+00   3.12851617e-01   0.00000000e+00\n",
      "    6.69528497e-05]\n",
      " [  7.32368322e-01   0.00000000e+00   2.67631678e-01   0.00000000e+00\n",
      "    0.00000000e+00]\n",
      " [  7.66144131e-01   0.00000000e+00   2.33275097e-01   0.00000000e+00\n",
      "    5.80772527e-04]\n",
      " [  8.01905679e-01   0.00000000e+00   1.98094321e-01   0.00000000e+00\n",
      "    0.00000000e+00]\n",
      " [  8.32802163e-01   0.00000000e+00   1.67197837e-01   0.00000000e+00\n",
      "    0.00000000e+00]\n",
      " [  8.42282496e-01   0.00000000e+00   1.57717504e-01   0.00000000e+00\n",
      "    0.00000000e+00]\n",
      " [  8.44089224e-01   0.00000000e+00   1.55910776e-01   0.00000000e+00\n",
      "    0.00000000e+00]]\n",
      "[[  0.00000000e+00   9.50000000e-01   5.00000000e-02   0.00000000e+00]\n",
      " [  9.35675078e-01   6.26291094e-02   1.69581246e-03   0.00000000e+00]\n",
      " [  9.54613426e-01   4.42081515e-02   1.17842245e-03   0.00000000e+00]\n",
      " [  9.62949753e-01   3.61553938e-02   8.94853544e-04   0.00000000e+00]\n",
      " [  9.68521617e-01   3.06509968e-02   8.27385724e-04   0.00000000e+00]\n",
      " [  9.73992046e-01   2.57198957e-02   2.88058112e-04   0.00000000e+00]\n",
      " [  9.78432447e-01   2.15604751e-02   7.07763369e-06   0.00000000e+00]\n",
      " [  9.79730051e-01   2.02699048e-02   4.38734493e-08   0.00000000e+00]\n",
      " [  9.79974487e-01   2.00255131e-02   1.59044414e-19   0.00000000e+00]]\n",
      "[ 1.          1.0121857   2.14004714  1.01981908  3.10898733  3.13798651\n",
      "  3.37263165  3.36223709  3.33808737]\n",
      "[[  0.00000000e+00   0.00000000e+00   1.00000000e+00   0.00000000e+00\n",
      "    0.00000000e+00]\n",
      " [  5.84088966e-01   0.00000000e+00   4.15830454e-01   0.00000000e+00\n",
      "    8.05804404e-05]\n",
      " [  6.75141781e-01   0.00000000e+00   3.24380788e-01   0.00000000e+00\n",
      "    4.77430571e-04]\n",
      " [  7.19678982e-01   0.00000000e+00   2.80321018e-01   0.00000000e+00\n",
      "    0.00000000e+00]\n",
      " [  7.54245463e-01   0.00000000e+00   2.45641382e-01   0.00000000e+00\n",
      "    1.13155486e-04]\n",
      " [  7.80576970e-01   0.00000000e+00   2.19423030e-01   0.00000000e+00\n",
      "    0.00000000e+00]\n",
      " [  8.19394749e-01   0.00000000e+00   1.80605251e-01   0.00000000e+00\n",
      "    0.00000000e+00]\n",
      " [  8.38484236e-01   0.00000000e+00   1.61515764e-01   0.00000000e+00\n",
      "    0.00000000e+00]\n",
      " [  8.43376056e-01   0.00000000e+00   1.56623944e-01   0.00000000e+00\n",
      "    0.00000000e+00]\n",
      " [  8.44258477e-01   0.00000000e+00   1.55741523e-01   0.00000000e+00\n",
      "    0.00000000e+00]]\n",
      "[[  0.00000000e+00   9.50000000e-01   5.00000000e-02   0.00000000e+00]\n",
      " [  9.31752127e-01   6.64730109e-02   1.77486257e-03   0.00000000e+00]\n",
      " [  9.52277534e-01   4.64728142e-02   1.24965192e-03   0.00000000e+00]\n",
      " [  9.60710020e-01   3.83207877e-02   9.69192439e-04   0.00000000e+00]\n",
      " [  9.66591024e-01   3.25417836e-02   8.67192589e-04   0.00000000e+00]\n",
      " [  9.70836849e-01   2.84718787e-02   6.91272173e-04   0.00000000e+00]\n",
      " [  9.76494528e-01   2.34431163e-02   6.23555524e-05   0.00000000e+00]\n",
      " [  9.79213145e-01   2.07867192e-02   1.35575444e-07   0.00000000e+00]\n",
      " [  9.79878129e-01   2.01218712e-02   5.10656831e-16   0.00000000e+00]\n",
      " [  9.79997334e-01   2.00026656e-02   0.00000000e+00   0.00000000e+00]]\n",
      "[ 1.          1.00287419  1.89275981  1.0791756   1.11611735  3.96140188\n",
      "  4.07217186  4.11318624  4.11279784  4.10646018]\n",
      "[[  0.00000000e+00   0.00000000e+00   1.00000000e+00   0.00000000e+00\n",
      "    0.00000000e+00]\n",
      " [  5.69352422e-01   0.00000000e+00   4.29833486e-01   0.00000000e+00\n",
      "    8.14091976e-04]\n",
      " [  6.64488967e-01   0.00000000e+00   3.35511033e-01   0.00000000e+00\n",
      "    0.00000000e+00]\n",
      " [  7.08885004e-01   0.00000000e+00   2.90667317e-01   0.00000000e+00\n",
      "    4.47678704e-04]\n",
      " [  7.41853664e-01   0.00000000e+00   2.58146336e-01   0.00000000e+00\n",
      "    0.00000000e+00]\n",
      " [  7.69594070e-01   0.00000000e+00   2.30405930e-01   0.00000000e+00\n",
      "    0.00000000e+00]\n",
      " [  7.98295037e-01   0.00000000e+00   2.01704963e-01   0.00000000e+00\n",
      "    0.00000000e+00]\n",
      " [  8.30201964e-01   0.00000000e+00   1.69798036e-01   0.00000000e+00\n",
      "    0.00000000e+00]\n",
      " [  8.41511772e-01   0.00000000e+00   1.58488228e-01   0.00000000e+00\n",
      "    0.00000000e+00]\n",
      " [  8.43924781e-01   0.00000000e+00   1.56075219e-01   0.00000000e+00\n",
      "    0.00000000e+00]]\n",
      "[[  0.00000000e+00   9.50000000e-01   5.00000000e-02   0.00000000e+00]\n",
      " [  9.27953989e-01   7.01508019e-02   1.89520920e-03   0.00000000e+00]\n",
      " [  9.50116832e-01   4.85900542e-02   1.29311418e-03   0.00000000e+00]\n",
      " [  9.58720820e-01   4.01986627e-02   1.08051691e-03   0.00000000e+00]\n",
      " [  9.64522052e-01   3.45620080e-02   9.15939604e-04   0.00000000e+00]\n",
      " [  9.69108359e-01   3.01353967e-02   7.56243902e-04   0.00000000e+00]\n",
      " [  9.73483545e-01   2.61304814e-02   3.85973973e-04   0.00000000e+00]\n",
      " [  9.78053908e-01   2.19276594e-02   1.84327289e-05   0.00000000e+00]\n",
      " [  9.79625410e-01   2.03744391e-02   1.50973591e-07   0.00000000e+00]\n",
      " [  9.79952282e-01   2.00477185e-02   4.45859762e-16   0.00000000e+00]]\n",
      "[ 1.          0.98735661  1.10390527  2.53563921  2.75498947  3.25118034\n",
      "  3.30933069  3.57235067  3.56902806  3.56958151]\n",
      "[[  0.00000000e+00   0.00000000e+00   1.00000000e+00   0.00000000e+00\n",
      "    0.00000000e+00]\n",
      " [  5.55384245e-01   0.00000000e+00   4.43105795e-01   0.00000000e+00\n",
      "    1.50996038e-03]\n",
      " [  6.54899042e-01   0.00000000e+00   3.44577469e-01   0.00000000e+00\n",
      "    5.23489426e-04]\n",
      " [  6.98459797e-01   0.00000000e+00   3.01540203e-01   0.00000000e+00\n",
      "    0.00000000e+00]\n",
      " [  7.31778780e-01   0.00000000e+00   2.67706748e-01   0.00000000e+00\n",
      "    5.14472261e-04]\n",
      " [  7.59548095e-01   0.00000000e+00   2.40451905e-01   0.00000000e+00\n",
      "    0.00000000e+00]\n",
      " [  7.79935559e-01   0.00000000e+00   2.18950643e-01   0.00000000e+00\n",
      "    1.11379786e-03]\n",
      " [  8.17059487e-01   0.00000000e+00   1.82940513e-01   0.00000000e+00\n",
      "    0.00000000e+00]\n",
      " [  8.37299336e-01   0.00000000e+00   1.62700664e-01   0.00000000e+00\n",
      "    0.00000000e+00]\n",
      " [  8.43061385e-01   0.00000000e+00   1.56938615e-01   0.00000000e+00\n",
      "    0.00000000e+00]\n",
      " [  8.44236476e-01   0.00000000e+00   1.55763524e-01   0.00000000e+00\n",
      "    0.00000000e+00]]\n",
      "[[  0.00000000e+00   9.50000000e-01   5.00000000e-02   0.00000000e+00]\n",
      " [  9.24206031e-01   7.37799853e-02   2.01398387e-03   0.00000000e+00]\n",
      " [  9.48140790e-01   5.05002413e-02   1.35896883e-03   0.00000000e+00]\n",
      " [  9.56813286e-01   4.21036511e-02   1.08306314e-03   0.00000000e+00]\n",
      " [  9.62799542e-01   3.62249661e-02   9.75491764e-04   0.00000000e+00]\n",
      " [  9.67503194e-01   3.17135814e-02   7.83224215e-04   0.00000000e+00]\n",
      " [  9.70692641e-01   2.85249362e-02   7.82422362e-04   0.00000000e+00]\n",
      " [  9.76147163e-01   2.37673597e-02   8.54777282e-05   0.00000000e+00]\n",
      " [  9.79050916e-01   2.09487882e-02   2.95756049e-07   0.00000000e+00]\n",
      " [  9.79835567e-01   2.01644333e-02   3.26425740e-15   0.00000000e+00]\n",
      " [  9.79994365e-01   2.00056350e-02   0.00000000e+00   0.00000000e+00]]\n",
      "[ 1.          0.97414627  1.68250142  1.03643059  2.74799585  1.11105061\n",
      "  3.33477071  3.47738731  3.50019027  3.50014287  3.3657549 ]\n",
      "[[  0.00000000e+00   0.00000000e+00   1.00000000e+00   0.00000000e+00\n",
      "    0.00000000e+00]\n",
      " [  5.41944606e-01   0.00000000e+00   4.54663091e-01   0.00000000e+00\n",
      "    3.39230318e-03]\n",
      " [  6.46095840e-01   0.00000000e+00   3.53218787e-01   0.00000000e+00\n",
      "    6.85372556e-04]\n",
      " [  6.89576236e-01   0.00000000e+00   3.10423764e-01   0.00000000e+00\n",
      "    0.00000000e+00]\n",
      " [  7.21448812e-01   0.00000000e+00   2.77059620e-01   0.00000000e+00\n",
      "    1.49156757e-03]\n",
      " [  7.48968596e-01   0.00000000e+00   2.51031404e-01   0.00000000e+00\n",
      "    0.00000000e+00]\n",
      " [  7.73022971e-01   0.00000000e+00   2.26977029e-01   0.00000000e+00\n",
      "    0.00000000e+00]\n",
      " [  7.96103625e-01   0.00000000e+00   2.03896375e-01   0.00000000e+00\n",
      "    0.00000000e+00]\n",
      " [  8.28198148e-01   0.00000000e+00   1.71801852e-01   0.00000000e+00\n",
      "    0.00000000e+00]\n",
      " [  8.40890678e-01   0.00000000e+00   1.59109322e-01   0.00000000e+00\n",
      "    0.00000000e+00]\n",
      " [  8.43788095e-01   0.00000000e+00   1.56211905e-01   0.00000000e+00\n",
      "    0.00000000e+00]]\n",
      "[[  0.00000000e+00   9.50000000e-01   5.00000000e-02   0.00000000e+00]\n",
      " [  9.20534640e-01   7.72981037e-02   2.16725671e-03   0.00000000e+00]\n",
      " [  9.46276670e-01   5.23113965e-02   1.41193364e-03   0.00000000e+00]\n",
      " [  9.55108638e-01   4.37465342e-02   1.14482767e-03   0.00000000e+00]\n",
      " [  9.60995078e-01   3.79590736e-02   1.04584805e-03   0.00000000e+00]\n",
      " [  9.65762408e-01   3.34060495e-02   8.31542904e-04   0.00000000e+00]\n",
      " [  9.69658336e-01   2.96186238e-02   7.23039800e-04   0.00000000e+00]\n",
      " [  9.73172328e-01   2.63518490e-02   4.75822957e-04   0.00000000e+00]\n",
      " [  9.77764426e-01   2.22063823e-02   2.91916853e-05   0.00000000e+00]\n",
      " [  9.79541068e-01   2.04588043e-02   1.27830453e-07   0.00000000e+00]\n",
      " [  9.79933818e-01   2.00661818e-02   4.46758084e-16   0.00000000e+00]]\n",
      "[ 1.          0.96326044  1.58399706  1.07699576  2.4667167   2.70699827\n",
      "  3.00951532  3.07020592  3.3135672   3.31644369  3.31570997]\n",
      "[[  0.00000000e+00   0.00000000e+00   1.00000000e+00   0.00000000e+00\n",
      "    0.00000000e+00]\n",
      " [  5.28926409e-01   0.00000000e+00   4.64810442e-01   0.00000000e+00\n",
      "    6.26314998e-03]\n",
      " [  6.38043136e-01   0.00000000e+00   3.61448199e-01   0.00000000e+00\n",
      "    5.08664434e-04]\n",
      " [  6.81580349e-01   0.00000000e+00   3.18419651e-01   0.00000000e+00\n",
      "    0.00000000e+00]\n",
      " [  7.12859121e-01   0.00000000e+00   2.87140879e-01   0.00000000e+00\n",
      "    0.00000000e+00]\n",
      " [  7.39613082e-01   0.00000000e+00   2.60386918e-01   0.00000000e+00\n",
      "    0.00000000e+00]\n",
      " [  7.63482689e-01   0.00000000e+00   2.36517311e-01   0.00000000e+00\n",
      "    0.00000000e+00]\n",
      " [  7.83015868e-01   0.00000000e+00   2.16984132e-01   0.00000000e+00\n",
      "    0.00000000e+00]\n",
      " [  8.12264226e-01   0.00000000e+00   1.87735774e-01   0.00000000e+00\n",
      "    0.00000000e+00]\n",
      " [  8.36148191e-01   0.00000000e+00   1.63851809e-01   0.00000000e+00\n",
      "    0.00000000e+00]\n",
      " [  8.42745819e-01   0.00000000e+00   1.57254181e-01   0.00000000e+00\n",
      "    0.00000000e+00]\n",
      " [  8.44135324e-01   0.00000000e+00   1.55864676e-01   0.00000000e+00\n",
      "    0.00000000e+00]]\n",
      "[[  0.00000000e+00   9.50000000e-01   5.00000000e-02   0.00000000e+00]\n",
      " [  9.16925104e-01   8.07238964e-02   2.35099965e-03   0.00000000e+00]\n",
      " [  9.44524535e-01   5.40223377e-02   1.45312767e-03   0.00000000e+00]\n",
      " [  9.53541189e-01   4.52582684e-02   1.20054252e-03   0.00000000e+00]\n",
      " [  9.59440594e-01   3.95171186e-02   1.04228745e-03   0.00000000e+00]\n",
      " [  9.64191653e-01   3.49432741e-02   8.65073365e-04   0.00000000e+00]\n",
      " [  9.68120374e-01   3.10843291e-02   7.95296636e-04   0.00000000e+00]\n",
      " [  9.71211222e-01   2.80944221e-02   6.94356252e-04   0.00000000e+00]\n",
      " [  9.75564391e-01   2.42484244e-02   1.87184187e-04   0.00000000e+00]\n",
      " [  9.78892815e-01   2.11066263e-02   5.58313613e-07   0.00000000e+00]\n",
      " [  9.79792855e-01   2.02071445e-02   6.85014545e-15   0.00000000e+00]\n",
      " [  9.79980711e-01   2.00192894e-02   0.00000000e+00   0.00000000e+00]]\n",
      "[ 1.          0.95410923  1.54956902  1.78671576  2.21334563  2.46458739\n",
      "  2.79778593  1.02360066  4.00546068  3.99982904  4.00265634  4.01982442]\n",
      "[[  0.00000000e+00   0.00000000e+00   1.00000000e+00   0.00000000e+00\n",
      "    0.00000000e+00]\n",
      " [  5.16251498e-01   0.00000000e+00   4.73775826e-01   0.00000000e+00\n",
      "    9.97267559e-03]\n",
      " [  6.30640974e-01   0.00000000e+00   3.69142586e-01   0.00000000e+00\n",
      "    2.16439408e-04]\n",
      " [  6.74015298e-01   0.00000000e+00   3.25984702e-01   0.00000000e+00\n",
      "    0.00000000e+00]\n",
      " [  7.04322902e-01   0.00000000e+00   2.95677098e-01   0.00000000e+00\n",
      "    0.00000000e+00]\n",
      " [  7.30977473e-01   0.00000000e+00   2.69022527e-01   0.00000000e+00\n",
      "    0.00000000e+00]\n",
      " [  7.54545108e-01   0.00000000e+00   2.45382633e-01   0.00000000e+00\n",
      "    7.22592792e-05]\n",
      " [  7.75509081e-01   0.00000000e+00   2.24490919e-01   0.00000000e+00\n",
      "    0.00000000e+00]\n",
      " [  7.94628692e-01   0.00000000e+00   2.05371308e-01   0.00000000e+00\n",
      "    0.00000000e+00]\n",
      " [  8.27339805e-01   0.00000000e+00   1.72660195e-01   0.00000000e+00\n",
      "    0.00000000e+00]\n",
      " [  8.40416187e-01   0.00000000e+00   1.59583813e-01   0.00000000e+00\n",
      "    0.00000000e+00]\n",
      " [  8.43667362e-01   0.00000000e+00   1.56332638e-01   0.00000000e+00\n",
      "    0.00000000e+00]]\n",
      "[[  0.00000000e+00   9.50000000e-01   5.00000000e-02   0.00000000e+00]\n",
      " [  9.13367040e-01   8.40710002e-02   2.56196017e-03   0.00000000e+00]\n",
      " [  9.42875763e-01   5.56357964e-02   1.48844071e-03   0.00000000e+00]\n",
      " [  9.52043949e-01   4.67180751e-02   1.23797577e-03   0.00000000e+00]\n",
      " [  9.57923944e-01   4.10423183e-02   1.03373731e-03   0.00000000e+00]\n",
      " [  9.62702682e-01   3.63849589e-02   9.12359044e-04   0.00000000e+00]\n",
      " [  9.66640215e-01   3.24948101e-02   8.64974797e-04   0.00000000e+00]\n",
      " [  9.70048489e-01   2.92387248e-02   7.12786223e-04   0.00000000e+00]\n",
      " [  9.72956548e-01   2.65274524e-02   5.15999856e-04   0.00000000e+00]\n",
      " [  9.77645265e-01   2.23263763e-02   2.83584878e-05   0.00000000e+00]\n",
      " [  9.79476545e-01   2.05233298e-02   1.25407272e-07   0.00000000e+00]\n",
      " [  9.79917505e-01   2.00824946e-02   5.30024555e-16   0.00000000e+00]]\n",
      "[ 1.          0.94628669  1.52738053  1.74720566  2.15565095  0.9636515\n",
      "  2.97183429  1.03159922  3.81986637  3.7912232   3.81345132  3.81160495]\n",
      "[[ 0.          0.          1.          0.          0.        ]\n",
      " [ 0.50386119  0.          0.48173409  0.          0.01440472]\n",
      " [ 0.62357894  0.          0.37642106  0.          0.        ]\n",
      " [ 0.66703934  0.          0.33122446  0.          0.00173619]\n",
      " [ 0.69650041  0.          0.30349959  0.          0.        ]\n",
      " [ 0.72246614  0.          0.27753386  0.          0.        ]\n",
      " [ 0.74581799  0.          0.25418201  0.          0.        ]\n",
      " [ 0.76693236  0.          0.23306764  0.          0.        ]\n",
      " [ 0.78246716  0.          0.21753284  0.          0.        ]\n",
      " [ 0.81539764  0.          0.18460236  0.          0.        ]\n",
      " [ 0.83590548  0.          0.16409452  0.          0.        ]\n",
      " [ 0.8426173   0.          0.1573827   0.          0.        ]\n",
      " [ 0.84410413  0.          0.15589587  0.          0.        ]]\n",
      "[[  0.00000000e+00   9.50000000e-01   5.00000000e-02   0.00000000e+00]\n",
      " [  9.09853010e-01   8.73495381e-02   2.79745224e-03   0.00000000e+00]\n",
      " [  9.41273370e-01   5.72083470e-02   1.51828320e-03   0.00000000e+00]\n",
      " [  9.50672770e-01   4.80036936e-02   1.32353634e-03   0.00000000e+00]\n",
      " [  9.56464274e-01   4.24688006e-02   1.06692511e-03   0.00000000e+00]\n",
      " [  9.61187051e-01   3.78343774e-02   9.78571228e-04   0.00000000e+00]\n",
      " [  9.65234094e-01   3.39173446e-02   8.48561081e-04   0.00000000e+00]\n",
      " [  9.68679929e-01   3.05466809e-02   7.73390286e-04   0.00000000e+00]\n",
      " [  9.71086708e-01   2.81700408e-02   7.43251432e-04   0.00000000e+00]\n",
      " [  9.75905638e-01   2.39974034e-02   9.69585984e-05   0.00000000e+00]\n",
      " [  9.78859609e-01   2.11399582e-02   4.33046720e-07   0.00000000e+00]\n",
      " [  9.79775453e-01   2.02245474e-02   4.60412975e-15   0.00000000e+00]\n",
      " [  9.79976499e-01   2.00235012e-02   0.00000000e+00   0.00000000e+00]]\n",
      "[ 1.          0.93950499  1.01164137  1.67615264  1.88015001  2.13035342\n",
      "  2.42415478  1.00320096  3.38102278  3.49577386  3.53693877  3.53551989\n",
      "  3.54872821]\n",
      "[[ 0.          0.          1.          0.          0.        ]\n",
      " [ 0.49171035  0.          0.48882233  0.          0.01946732]\n",
      " [ 0.6167325   0.          0.3832675   0.          0.        ]\n",
      " [ 0.66079324  0.          0.33775803  0.          0.00144873]\n",
      " [ 0.6897769   0.          0.3102231   0.          0.        ]\n",
      " [ 0.7148613   0.          0.2851387   0.          0.        ]\n",
      " [ 0.73752804  0.          0.26247196  0.          0.        ]\n",
      " [ 0.75832697  0.          0.24167303  0.          0.        ]\n",
      " [ 0.7759953   0.          0.2240047   0.          0.        ]\n",
      " [ 0.79766468  0.          0.20233532  0.          0.        ]\n",
      " [ 0.82818993  0.          0.17181007  0.          0.        ]\n",
      " [ 0.84038594  0.          0.15961406  0.          0.        ]\n",
      " [ 0.84361796  0.          0.15638204  0.          0.        ]]\n",
      "[[  0.00000000e+00   9.50000000e-01   5.00000000e-02   0.00000000e+00]\n",
      " [  9.06377637e-01   9.05671497e-02   3.05521323e-03   0.00000000e+00]\n",
      " [  9.39713759e-01   5.87445555e-02   1.54168506e-03   0.00000000e+00]\n",
      " [  9.49388299e-01   4.92616770e-02   1.35002390e-03   0.00000000e+00]\n",
      " [  9.55172238e-01   4.37119392e-02   1.11582283e-03   0.00000000e+00]\n",
      " [  9.59835347e-01   3.91607880e-02   1.00386484e-03   0.00000000e+00]\n",
      " [  9.63825232e-01   3.52826225e-02   8.92145470e-04   0.00000000e+00]\n",
      " [  9.67258403e-01   3.18964029e-02   8.45194016e-04   0.00000000e+00]\n",
      " [  9.70100179e-01   2.91484525e-02   7.51368882e-04   0.00000000e+00]\n",
      " [  9.73411891e-01   2.62159474e-02   3.72161750e-04   0.00000000e+00]\n",
      " [  9.77780841e-01   2.22081938e-02   1.09653215e-05   0.00000000e+00]\n",
      " [  9.79472380e-01   2.05274439e-02   1.75646376e-07   0.00000000e+00]\n",
      " [  9.79910830e-01   2.00891701e-02   1.25037568e-16   0.00000000e+00]]\n",
      "[ 1.          0.93355452  0.93692805  1.57105535  1.71084969  1.97863446\n",
      "  0.84892458  2.69916001  1.13948042  4.16510857  4.09363974  4.11310192\n",
      "  4.13136278]\n",
      "[[ 0.          0.          1.          0.          0.        ]\n",
      " [ 0.47976354  0.          0.4951501   0.          0.02508637]\n",
      " [ 0.61122925  0.          0.38877075  0.          0.        ]\n",
      " [ 0.65431471  0.          0.34568529  0.          0.        ]\n",
      " [ 0.68386337  0.          0.31378648  0.          0.00235015]\n",
      " [ 0.7072581   0.          0.2927419   0.          0.        ]\n",
      " [ 0.72948102  0.          0.27051898  0.          0.        ]\n",
      " [ 0.75024439  0.          0.24975561  0.          0.        ]\n",
      " [ 0.76879521  0.          0.23120479  0.          0.        ]\n",
      " [ 0.78522552  0.          0.21477448  0.          0.        ]\n",
      " [ 0.81717762  0.          0.18282238  0.          0.        ]\n",
      " [ 0.83627761  0.          0.16372239  0.          0.        ]\n",
      " [ 0.84261539  0.          0.15738461  0.          0.        ]\n",
      " [ 0.84408383  0.          0.15591617  0.          0.        ]]\n",
      "[[  0.00000000e+00   9.50000000e-01   5.00000000e-02   0.00000000e+00]\n",
      " [  9.02937018e-01   9.37296783e-02   3.33330369e-03   0.00000000e+00]\n",
      " [  9.38406093e-01   5.99955398e-02   1.59836730e-03   0.00000000e+00]\n",
      " [  9.48021019e-01   5.06500954e-02   1.32888603e-03   0.00000000e+00]\n",
      " [  9.54025716e-01   4.47238466e-02   1.25043780e-03   0.00000000e+00]\n",
      " [  9.58464332e-01   4.05140955e-02   1.02157249e-03   0.00000000e+00]\n",
      " [  9.62445337e-01   3.66405030e-02   9.14159677e-04   0.00000000e+00]\n",
      " [  9.65958586e-01   3.31932109e-02   8.48203106e-04   0.00000000e+00]\n",
      " [  9.68961954e-01   3.02550406e-02   7.83005262e-04   0.00000000e+00]\n",
      " [  9.71476782e-01   2.79141652e-02   6.09052681e-04   0.00000000e+00]\n",
      " [  9.76178950e-01   2.37596285e-02   6.14212207e-05   0.00000000e+00]\n",
      " [  9.78910913e-01   2.10888679e-02   2.18629000e-07   0.00000000e+00]\n",
      " [  9.79775193e-01   2.02248066e-02   3.15268314e-15   0.00000000e+00]\n",
      " [  9.79973759e-01   2.00262415e-02   0.00000000e+00   0.00000000e+00]]\n",
      "[ 1.          0.92827916  1.42897557  1.04991532  1.84668474  1.99170793\n",
      "  2.22380022  2.44079545  2.68118251  2.65862615  2.95560053  2.98535651\n",
      "  2.98555009  3.03675093]\n",
      "[[  0.00000000e+00   0.00000000e+00   1.00000000e+00   0.00000000e+00\n",
      "    0.00000000e+00]\n",
      " [  4.67992400e-01   0.00000000e+00   5.00806405e-01   0.00000000e+00\n",
      "    3.12011951e-02]\n",
      " [  6.05497449e-01   0.00000000e+00   3.93915984e-01   0.00000000e+00\n",
      "    5.86567270e-04]\n",
      " [  6.48944821e-01   0.00000000e+00   3.51055179e-01   0.00000000e+00\n",
      "    0.00000000e+00]\n",
      " [  6.77511540e-01   0.00000000e+00   3.22488460e-01   0.00000000e+00\n",
      "    0.00000000e+00]\n",
      " [  7.01398774e-01   0.00000000e+00   2.98601226e-01   0.00000000e+00\n",
      "    0.00000000e+00]\n",
      " [  7.22674052e-01   0.00000000e+00   2.77325948e-01   0.00000000e+00\n",
      "    0.00000000e+00]\n",
      " [  7.42314852e-01   0.00000000e+00   2.57072286e-01   0.00000000e+00\n",
      "    6.12862267e-04]\n",
      " [  7.61171065e-01   0.00000000e+00   2.38828935e-01   0.00000000e+00\n",
      "    0.00000000e+00]\n",
      " [  7.76117317e-01   0.00000000e+00   2.23882683e-01   0.00000000e+00\n",
      "    0.00000000e+00]\n",
      " [  8.01950250e-01   0.00000000e+00   1.98049750e-01   0.00000000e+00\n",
      "    0.00000000e+00]\n",
      " [  8.29199645e-01   0.00000000e+00   1.70800355e-01   0.00000000e+00\n",
      "    0.00000000e+00]\n",
      " [  8.40540197e-01   0.00000000e+00   1.59459803e-01   0.00000000e+00\n",
      "    0.00000000e+00]\n",
      " [  8.43637615e-01   0.00000000e+00   1.56362385e-01   0.00000000e+00\n",
      "    0.00000000e+00]]\n",
      "[[  0.00000000e+00   9.50000000e-01   5.00000000e-02   0.00000000e+00]\n",
      " [  8.99528321e-01   9.68416434e-02   3.63003578e-03   0.00000000e+00]\n",
      " [  9.37064919e-01   6.12847846e-02   1.65029692e-03   0.00000000e+00]\n",
      " [  9.46868551e-01   5.17623035e-02   1.36914552e-03   0.00000000e+00]\n",
      " [  9.52780420e-01   4.60419652e-02   1.17761472e-03   0.00000000e+00]\n",
      " [  9.57376812e-01   4.15704407e-02   1.05274714e-03   0.00000000e+00]\n",
      " [  9.61217459e-01   3.77979717e-02   9.84569013e-04   0.00000000e+00]\n",
      " [  9.64603232e-01   3.44661538e-02   9.30614589e-04   0.00000000e+00]\n",
      " [  9.67753421e-01   3.14491493e-02   7.97430015e-04   0.00000000e+00]\n",
      " [  9.70123356e-01   2.91303295e-02   7.46314577e-04   0.00000000e+00]\n",
      " [  9.74058089e-01   2.57228156e-02   2.19095918e-04   0.00000000e+00]\n",
      " [  9.77932423e-01   2.20632283e-02   4.34846287e-06   0.00000000e+00]\n",
      " [  9.79493507e-01   2.05064616e-02   3.13843294e-08   0.00000000e+00]\n",
      " [  9.79913486e-01   2.00865144e-02   3.95165246e-19   0.00000000e+00]]\n",
      "[ 1.          0.92356019  1.30617313  1.55316739  1.73476426  1.99972398\n",
      "  1.06377488  2.93444885  3.06428173  3.27744656  3.33017264  3.57784275\n",
      "  3.58300896  3.53314576]\n",
      "[[ 0.          0.          1.          0.          0.        ]\n",
      " [ 0.45637393  0.          0.50586463  0.          0.03776144]\n",
      " [ 0.59972841  0.          0.40027159  0.          0.        ]\n",
      " [ 0.64398391  0.          0.3546743   0.          0.00134179]\n",
      " [ 0.67250635  0.          0.32749365  0.          0.        ]\n",
      " [ 0.69556293  0.          0.30443707  0.          0.        ]\n",
      " [ 0.71553958  0.          0.28446042  0.          0.        ]\n",
      " [ 0.7349443   0.          0.2650557   0.          0.        ]\n",
      " [ 0.75379935  0.          0.24620065  0.          0.        ]\n",
      " [ 0.77019413  0.          0.22980587  0.          0.        ]\n",
      " [ 0.78850722  0.          0.21149278  0.          0.        ]\n",
      " [ 0.81902004  0.          0.18097996  0.          0.        ]\n",
      " [ 0.83680833  0.          0.16319167  0.          0.        ]\n",
      " [ 0.84268962  0.          0.15731038  0.          0.        ]\n",
      " [ 0.84410329  0.          0.15589671  0.          0.        ]]\n",
      "[[  0.00000000e+00   9.50000000e-01   5.00000000e-02   0.00000000e+00]\n",
      " [  8.96149506e-01   9.99065733e-02   3.94392097e-03   0.00000000e+00]\n",
      " [  9.35656873e-01   6.26878825e-02   1.65524450e-03   0.00000000e+00]\n",
      " [  9.45839574e-01   5.27198859e-02   1.44054024e-03   0.00000000e+00]\n",
      " [  9.51741830e-01   4.70094612e-02   1.24870844e-03   0.00000000e+00]\n",
      " [  9.56235030e-01   4.26374625e-02   1.12750712e-03   0.00000000e+00]\n",
      " [  9.59954637e-01   3.90411390e-02   1.00422412e-03   0.00000000e+00]\n",
      " [  9.63387007e-01   3.57163434e-02   8.96649919e-04   0.00000000e+00]\n",
      " [  9.66561047e-01   3.26263860e-02   8.12566781e-04   0.00000000e+00]\n",
      " [  9.69205685e-01   3.00438308e-02   7.50484270e-04   0.00000000e+00]\n",
      " [  9.71981125e-01   2.75496876e-02   4.69187598e-04   0.00000000e+00]\n",
      " [  9.76459788e-01   2.34997160e-02   4.04957008e-05   0.00000000e+00]\n",
      " [  9.78983754e-01   2.10160705e-02   1.75922906e-07   0.00000000e+00]\n",
      " [  9.79785247e-01   2.02147535e-02   1.71852088e-15   0.00000000e+00]\n",
      " [  9.79976386e-01   2.00236144e-02   0.00000000e+00   0.00000000e+00]]\n",
      "[ 1.          0.91930574  0.93925348  1.47855723  1.59877186  1.79354663\n",
      "  1.98290769  2.1773144   2.36751011  2.51627709  2.7217741   2.7716755\n",
      "  2.80605117  2.80542233  2.78307342]\n",
      "[[  0.00000000e+00   0.00000000e+00   1.00000000e+00   0.00000000e+00\n",
      "    0.00000000e+00]\n",
      " [  4.44889195e-01   0.00000000e+00   5.10386013e-01   0.00000000e+00\n",
      "    4.47247924e-02]\n",
      " [  5.94962613e-01   0.00000000e+00   4.05037387e-01   0.00000000e+00\n",
      "    0.00000000e+00]\n",
      " [  6.38480382e-01   0.00000000e+00   3.61519618e-01   0.00000000e+00\n",
      "    0.00000000e+00]\n",
      " [  6.67763504e-01   0.00000000e+00   3.31549418e-01   0.00000000e+00\n",
      "    6.87077119e-04]\n",
      " [  6.89579687e-01   0.00000000e+00   3.10420313e-01   0.00000000e+00\n",
      "    0.00000000e+00]\n",
      " [  7.09798213e-01   0.00000000e+00   2.90201787e-01   0.00000000e+00\n",
      "    0.00000000e+00]\n",
      " [  7.28453424e-01   0.00000000e+00   2.71546576e-01   0.00000000e+00\n",
      "    0.00000000e+00]\n",
      " [  7.46474084e-01   0.00000000e+00   2.53263292e-01   0.00000000e+00\n",
      "    2.62624058e-04]\n",
      " [  7.63434185e-01   0.00000000e+00   2.36565815e-01   0.00000000e+00\n",
      "    0.00000000e+00]\n",
      " [  7.77210365e-01   0.00000000e+00   2.22789635e-01   0.00000000e+00\n",
      "    0.00000000e+00]\n",
      " [  8.07246482e-01   0.00000000e+00   1.92753518e-01   0.00000000e+00\n",
      "    0.00000000e+00]\n",
      " [  8.30636481e-01   0.00000000e+00   1.69363519e-01   0.00000000e+00\n",
      "    0.00000000e+00]\n",
      " [  8.40851923e-01   0.00000000e+00   1.59148077e-01   0.00000000e+00\n",
      "    0.00000000e+00]\n",
      " [  8.43672709e-01   0.00000000e+00   1.56327291e-01   0.00000000e+00\n",
      "    0.00000000e+00]]\n",
      "[[  0.00000000e+00   9.50000000e-01   5.00000000e-02   0.00000000e+00]\n",
      " [  8.92799125e-01   1.02927244e-01   4.27363135e-03   0.00000000e+00]\n",
      " [  9.34476788e-01   6.38273422e-02   1.69587013e-03   0.00000000e+00]\n",
      " [  9.44621976e-01   5.39615194e-02   1.41650498e-03   0.00000000e+00]\n",
      " [  9.50798468e-01   4.79078990e-02   1.29363318e-03   0.00000000e+00]\n",
      " [  9.55123815e-01   4.37471051e-02   1.12907939e-03   0.00000000e+00]\n",
      " [  9.58906006e-01   4.00555627e-02   1.03843142e-03   0.00000000e+00]\n",
      " [  9.62269846e-01   3.68192810e-02   9.10872956e-04   0.00000000e+00]\n",
      " [  9.65301671e-01   3.37940621e-02   9.04267194e-04   0.00000000e+00]\n",
      " [  9.68131249e-01   3.11013391e-02   7.67412052e-04   0.00000000e+00]\n",
